image_width: 320
image_height: 240
camera_name: head_camera
camera_matrix:
  rows: 3
  cols: 3
  data: [434.7973744787129, 0, 139.6673133789752, 0, 434.7982527885256, 127.295847946005, 0, 0, 1]
distortion_model: plumb_bob
distortion_coefficients:
  rows: 1
  cols: 5
  data: [-0.1229462167296943, -0.00484666097757878, -0.002067167520996189, -0.00263579541453731, 0]
rectification_matrix:
  rows: 3
  cols: 3
  data: [0.9999779559755947, 0.004004461158855317, -0.005296400069766662, -0.004012962901628, 0.9999906751458172, -0.001595540711725518, 0.005289961400800822, 0.001616759796579319, 0.9999847010810407]
projection_matrix:
  rows: 3
  cols: 4
  data: [436.5058009795719, 0, 144.2294902801514, 0, 0, 436.5058009795719, 128.8365831375122, 0, 0, 0, 1, 0]