image_width: 320
image_height: 240
camera_name: head_camera
camera_matrix:
  rows: 3
  cols: 3
  data: [434.8824461737132, 0, 148.5316381016806, 0, 434.7922057007607, 130.371506568869, 0, 0, 1]
distortion_model: plumb_bob
distortion_coefficients:
  rows: 1
  cols: 5
  data: [-0.11932720795529, 0.03676030096193413, -0.0004568390915475936, -9.121247458083107e-05, 0]
rectification_matrix:
  rows: 3
  cols: 3
  data: [0.9999993324141926, 0.0001242541810058255, 0.001148795920847599, -0.0001260991700703684, 0.9999987022910238, 0.001606086942667041, -0.001148594867027154, -0.001606230732678355, 0.999998050374432]
projection_matrix:
  rows: 3
  cols: 4
  data: [436.5058009795719, 0, 144.2294902801514, 25.5110064781433, 0, 436.5058009795719, 128.8365831375122, 0, 0, 0, 1, 0]